0.9176968119713728


[1 1 1 ... 1 1 1]


[[ 295  185]
 [  68 2526]]


295 185 68 2526


0.9738 0.6146 0.9318


0.9176968119713728
0.9317594983400959
0.9737856592135697
0.9523091423185672

###### arbre
[[ 226  254]
 [ 208 2386]]


226 254 208 2386


0.9198 0.4708 0.9038


0.8497072218607677
0.9037878787878788
0.9198149575944488
0.911730989682843

# reseu noeurone
[[ 282  198]
 [  37 2557]]


282 198 37 2557


0.9857 0.5875 0.9281


0.9235523747560183
0.9281306715063521
0.9857363145720894
0.9560665544961675